((("auto-complete-c-headers" .
   [0 0 0 0 1 0 0 0 0 0 0 0 0 0 0 0 0 0 0 0 0 0 0])
  ("company-c-headers" .
   [0 0 0 1 1 0 0 0 0 0 0 0 0 0 0 0 0])
  ("c++-mode-common-hook" .
   [0 0 1 0 0 0 0 0 0 0 0 0 0 0 0 0 0 0 0 0])
  ("add-hook" .
   [0 0 0 0 1 0 0 0])
  ("res" .
   [7 0 0])
  ("fib" .
   [1 0 0])
  ("matrix" .
   [0 0 1 2 1 0])
  ("mar" .
   [3 0 0])
  ("hello-world" .
   [0 0 0 0 0 0 1 0 0 0 0])
  ("name" .
   [1 0 0 0])
  ("main" .
   [1 0 0 0])
  ("namespace" .
   [0 0 1 0 0 0 0 0 0])
  ("algorithm" .
   [0 0 1 0 0 0 0 0 0])
  ("cstdio" .
   [0 0 1 0 1 0])
  ("iostream" .
   [2 0 0 0 0 0 0 0])
  ("fabs" .
   [2 0 0 0])
  ("re" .
   [1 0])
  ("a" .
   [1])
  ("cmpy" .
   [1 0 0 0])
  ("ans" .
   [12 0 0])
  ("cmpx" .
   [0 0 0 1])
  ("sort" .
   [2 0 0 0])
  ("return" .
   [0 0 0 0 1 0])
  ("point" .
   [2 0 2 0 0])
  ("same_x" .
   [3 0 0 0 0 0])
  ("same_y" .
   [1 0 0 5 0 0])
  ("u" .
   [1])
  ("dcmp" .
   [1 0 0 0])
  ("sta" .
   [1 0 0])
  ("s" .
   [2])
  ("printf" .
   [7 0 1 0 0 0])
  ("top" .
   [2 0 0])
  ("inline" .
   [0 0 0 0 1 1])
  ("cnt" .
   [2 0 0])
  ("next" .
   [0 0 1 0])
  ("head" .
   [1 0 0 0])
  ("read" .
   [11 0 0 0])
  ("add" .
   [2 0 0])
  ("include" .
   [0 0 2 3 0 0 0])
  ("getchar" .
   [1 0 3 1 0 0 0])
  ("sum" .
   [7 0 0])
  ("while" .
   [0 0 1 1 0])
  ("flag" .
   [3 0 0 0])))
